G3dErrFileVersion 2018P3.1
FlagFileMetaData Begin
   Mesh Size - Setup1, Refinement, Pass #1, Freq. 3.000000e+10 :Title    
   Listing of mesh elements with small segments. :ToolTip  
   hf3d :Author   
   1657704218 :TimeStamp
FlagFileMetaData End
BEGIN_ERR 
26 Small mesh segment detected on body : CPW_mem
 Small mesh segment detected on body : CPW_mem 
 Segment Statistics - Number of Segments : 1 --- Segment length(s) : 0.000063mm. The cutoff frequency for S-Matrix Only Solve is 118.682683293745MHz 
4 -1  3506  19316  20047  # nfids, fids[]
2 19226  -1  # nbids, bids[]
      5 4 1 0 #ntets ntri ned npts
           7.4999999999999997e-02  -1.7999999999999999e-01   5.3581000000000001e-01 #xyz tv0
           7.5055865921787715e-02  -1.8999999999999997e-01   5.3280999999999989e-01 #xyz tv1
           7.4999999999999997e-02  -1.7999999999999999e-01   5.3280999999999989e-01 #xyz tv2
           7.4936708860759482e-02  -1.7999999999999999e-01   5.3280999999999989e-01 -1 19226 #xyz tv3 fid bid
           7.5055865921787715e-02  -1.8999999999999997e-01   5.3280999999999989e-01 #xyz tv0
           6.4999999999999988e-02  -1.9999999999999998e-01   5.3080999999999989e-01 #xyz tv1
           7.4999999999999997e-02  -1.7999999999999999e-01   5.3280999999999989e-01 #xyz tv2
           7.4936708860759482e-02  -1.7999999999999999e-01   5.3280999999999989e-01 -1 19226 #xyz tv3 fid bid
           7.4999999999999997e-02  -1.7524761058666086e-01   5.3280999999999989e-01 #xyz tv0
           7.4936708860759482e-02  -1.7999999999999999e-01   5.3280999999999989e-01 #xyz tv1
           7.4999999999999997e-02  -1.7999999999999999e-01   5.3581000000000001e-01 #xyz tv2
           7.4999999999999997e-02  -1.7999999999999999e-01   5.3280999999999989e-01 -1 19226 #xyz tv3 fid bid
           8.4999999999999992e-02  -1.6742938927241732e-01   5.3080999999999989e-01 #xyz tv0
           7.4936708860759482e-02  -1.7999999999999999e-01   5.3280999999999989e-01 #xyz tv1
           7.4999999999999997e-02  -1.7999999999999999e-01   5.3280999999999989e-01 #xyz tv2
           6.4999999999999988e-02  -1.9999999999999998e-01   5.3080999999999989e-01 -1 19226 #xyz tv3 fid bid
           8.4999999999999992e-02  -1.6742938927241732e-01   5.3080999999999989e-01 #xyz tv0
           7.4999999999999997e-02  -1.7999999999999999e-01   5.3280999999999989e-01 #xyz tv1
           7.4936708860759482e-02  -1.7999999999999999e-01   5.3280999999999989e-01 #xyz tv2
           7.4999999999999997e-02  -1.7524761058666086e-01   5.3280999999999989e-01 -1 19226 #xyz tv3 fid bid
           7.5055865921787715e-02  -1.8999999999999997e-01   5.3280999999999989e-01 #xyz tv0
           7.4999999999999997e-02  -1.7999999999999999e-01   5.3280999999999989e-01 #xyz tv1
           7.4936708860759482e-02  -1.7999999999999999e-01   5.3280999999999989e-01 3506 -1 #xyz tv2 fid bid
           7.5055865921787715e-02  -1.8999999999999997e-01   5.3280999999999989e-01 #xyz tv0
           7.4999999999999997e-02  -1.7999999999999999e-01   5.3280999999999989e-01 #xyz tv1
           7.4936708860759482e-02  -1.7999999999999999e-01   5.3280999999999989e-01 19316 -1 #xyz tv2 fid bid
           7.4999999999999997e-02  -1.7524761058666086e-01   5.3280999999999989e-01 #xyz tv0
           7.4999999999999997e-02  -1.7999999999999999e-01   5.3280999999999989e-01 #xyz tv1
           7.4936708860759482e-02  -1.7999999999999999e-01   5.3280999999999989e-01 3506 -1 #xyz tv2 fid bid
           7.4999999999999997e-02  -1.7999999999999999e-01   5.3581000000000001e-01 #xyz tv0
           7.4936708860759482e-02  -1.7999999999999999e-01   5.3280999999999989e-01 #xyz tv1
           7.4999999999999997e-02  -1.7999999999999999e-01   5.3280999999999989e-01 20047 -1 #xyz tv2 fid bid
           7.4999999999999997e-02  -1.7999999999999999e-01   5.3280999999999989e-01 #xyz ev0
           7.4936708860759482e-02  -1.7999999999999999e-01   5.3280999999999989e-01 -1 19226 #xyz ev1 fid bid
   0   0.000000000000e+00   0.000000000000e+00   0.000000000000e+00 #flag location
END_ERR 
G3dErrFileVersion 2018P3.1
FlagFileMetaData Begin
   Mesh Size - Setup1, Refinement, Pass #2, Freq. 3.000000e+10 :Title    
   Listing of mesh elements with small segments. :ToolTip  
   hf3d :Author   
   1657704223 :TimeStamp
FlagFileMetaData End
BEGIN_ERR 
26 Small mesh segment detected on body : CPW_mem
 Small mesh segment detected on body : CPW_mem 
 Segment Statistics - Number of Segments : 1 --- Segment length(s) : 0.000063mm. The cutoff frequency for S-Matrix Only Solve is 118.682683293745MHz 
4 -1  3506  19316  20047  # nfids, fids[]
2 19226  -1  # nbids, bids[]
      4 4 1 0 #ntets ntri ned npts
           7.4999999999999997e-02  -1.7999999999999999e-01   5.3581000000000001e-01 #xyz tv0
           7.5055865921787715e-02  -1.8999999999999997e-01   5.3280999999999989e-01 #xyz tv1
           7.4999999999999997e-02  -1.7999999999999999e-01   5.3280999999999989e-01 #xyz tv2
           7.4936708860759482e-02  -1.7999999999999999e-01   5.3280999999999989e-01 -1 19226 #xyz tv3 fid bid
           7.5055865921787715e-02  -1.8999999999999997e-01   5.3280999999999989e-01 #xyz tv0
           7.4936708860759482e-02  -1.7999999999999999e-01   5.3280999999999989e-01 #xyz tv1
           8.4999999999999992e-02  -1.7031010662279433e-01   5.3080999999999989e-01 #xyz tv2
           7.4999999999999997e-02  -1.7999999999999999e-01   5.3280999999999989e-01 -1 19226 #xyz tv3 fid bid
           7.4999999999999997e-02  -1.7524419431333185e-01   5.3280999999999989e-01 #xyz tv0
           7.4936708860759482e-02  -1.7999999999999999e-01   5.3280999999999989e-01 #xyz tv1
           7.4999999999999997e-02  -1.7999999999999999e-01   5.3581000000000001e-01 #xyz tv2
           7.4999999999999997e-02  -1.7999999999999999e-01   5.3280999999999989e-01 -1 19226 #xyz tv3 fid bid
           8.4999999999999992e-02  -1.7031010662279433e-01   5.3080999999999989e-01 #xyz tv0
           7.4999999999999997e-02  -1.7999999999999999e-01   5.3280999999999989e-01 #xyz tv1
           7.4936708860759482e-02  -1.7999999999999999e-01   5.3280999999999989e-01 #xyz tv2
           7.4999999999999997e-02  -1.7524419431333185e-01   5.3280999999999989e-01 -1 19226 #xyz tv3 fid bid
           7.5055865921787715e-02  -1.8999999999999997e-01   5.3280999999999989e-01 #xyz tv0
           7.4999999999999997e-02  -1.7999999999999999e-01   5.3280999999999989e-01 #xyz tv1
           7.4936708860759482e-02  -1.7999999999999999e-01   5.3280999999999989e-01 3506 -1 #xyz tv2 fid bid
           7.5055865921787715e-02  -1.8999999999999997e-01   5.3280999999999989e-01 #xyz tv0
           7.4999999999999997e-02  -1.7999999999999999e-01   5.3280999999999989e-01 #xyz tv1
           7.4936708860759482e-02  -1.7999999999999999e-01   5.3280999999999989e-01 19316 -1 #xyz tv2 fid bid
           7.4999999999999997e-02  -1.7524419431333185e-01   5.3280999999999989e-01 #xyz tv0
           7.4999999999999997e-02  -1.7999999999999999e-01   5.3280999999999989e-01 #xyz tv1
           7.4936708860759482e-02  -1.7999999999999999e-01   5.3280999999999989e-01 3506 -1 #xyz tv2 fid bid
           7.4999999999999997e-02  -1.7999999999999999e-01   5.3581000000000001e-01 #xyz tv0
           7.4936708860759482e-02  -1.7999999999999999e-01   5.3280999999999989e-01 #xyz tv1
           7.4999999999999997e-02  -1.7999999999999999e-01   5.3280999999999989e-01 20047 -1 #xyz tv2 fid bid
           7.4999999999999997e-02  -1.7999999999999999e-01   5.3280999999999989e-01 #xyz ev0
           7.4936708860759482e-02  -1.7999999999999999e-01   5.3280999999999989e-01 -1 19226 #xyz ev1 fid bid
   0   0.000000000000e+00   0.000000000000e+00   0.000000000000e+00 #flag location
END_ERR 
BEGIN_ERR 
26 Small mesh segment detected on body : Si_sub_1
 Small mesh segment detected on body : Si_sub_1 
 Segment Statistics - Number of Segments : 1 --- Segment length(s) : 0.462603mm. The cutoff frequency for S-Matrix Only Solve is 118.682683293745MHz 
3 -1  12  19976  # nfids, fids[]
2 6  -1  # nbids, bids[]
      6 4 1 0 #ntets ntri ned npts
           1.4014447626222071e-01  -1.4275604874523279e-01   0.0000000000000000e+00 #xyz tv0
          -7.6620970574308417e-02  -2.8828395059786510e-01   1.5072582404384693e-01 #xyz tv1
           3.4499999999999997e-01  -3.3874999999999994e-01   0.0000000000000000e+00 #xyz tv2
          -1.1750803975652992e-01  -3.2937939930067495e-01   0.0000000000000000e+00 -1 6 #xyz tv3 fid bid
           1.4014447626222071e-01  -1.4275604874523279e-01   0.0000000000000000e+00 #xyz tv0
           1.0142769841300199e-01  -1.2919398140460656e-01  -7.0028839285714295e-02 #xyz tv1
          -1.1750803975652992e-01  -3.2937939930067495e-01   0.0000000000000000e+00 #xyz tv2
           3.4499999999999997e-01  -3.3874999999999994e-01   0.0000000000000000e+00 -1 6 #xyz tv3 fid bid
           3.4499999999999997e-01  -3.3874999999999994e-01   0.0000000000000000e+00 #xyz tv0
          -1.1750803975652992e-01  -3.2937939930067495e-01   0.0000000000000000e+00 #xyz tv1
           1.2920408891814894e-01  -3.3338696702061232e-01  -1.6839999999999999e-01 #xyz tv2
           1.0142769841300199e-01  -1.2919398140460656e-01  -7.0028839285714295e-02 -1 6 #xyz tv3 fid bid
           1.2920408891814894e-01  -3.3338696702061232e-01  -1.6839999999999999e-01 #xyz tv0
           3.4499999999999997e-01  -3.3874999999999994e-01   0.0000000000000000e+00 #xyz tv1
           0.0000000000000000e+00  -6.7749999999999988e-01   0.0000000000000000e+00 #xyz tv2
          -1.1750803975652992e-01  -3.2937939930067495e-01   0.0000000000000000e+00 -1 6 #xyz tv3 fid bid
           3.4499999999999997e-01  -3.3874999999999994e-01   0.0000000000000000e+00 #xyz tv0
          -7.6620970574308417e-02  -2.8828395059786510e-01   1.5072582404384693e-01 #xyz tv1
          -5.5511151231257827e-17  -4.6999999999999992e-01   2.1015500000000006e-01 #xyz tv2
          -1.1750803975652992e-01  -3.2937939930067495e-01   0.0000000000000000e+00 -1 6 #xyz tv3 fid bid
           3.4499999999999997e-01  -3.3874999999999994e-01   0.0000000000000000e+00 #xyz tv0
          -5.5511151231257827e-17  -4.6999999999999992e-01   2.1015500000000006e-01 #xyz tv1
           0.0000000000000000e+00  -6.7749999999999988e-01   0.0000000000000000e+00 #xyz tv2
          -1.1750803975652992e-01  -3.2937939930067495e-01   0.0000000000000000e+00 -1 6 #xyz tv3 fid bid
           3.4499999999999997e-01  -3.3874999999999994e-01   0.0000000000000000e+00 #xyz tv0
           0.0000000000000000e+00  -6.7749999999999988e-01   0.0000000000000000e+00 #xyz tv1
          -1.1750803975652992e-01  -3.2937939930067495e-01   0.0000000000000000e+00 12 -1 #xyz tv2 fid bid
           3.4499999999999997e-01  -3.3874999999999994e-01   0.0000000000000000e+00 #xyz tv0
           0.0000000000000000e+00  -6.7749999999999988e-01   0.0000000000000000e+00 #xyz tv1
          -1.1750803975652992e-01  -3.2937939930067495e-01   0.0000000000000000e+00 19976 -1 #xyz tv2 fid bid
           1.4014447626222071e-01  -1.4275604874523279e-01   0.0000000000000000e+00 #xyz tv0
           3.4499999999999997e-01  -3.3874999999999994e-01   0.0000000000000000e+00 #xyz tv1
          -1.1750803975652992e-01  -3.2937939930067495e-01   0.0000000000000000e+00 12 -1 #xyz tv2 fid bid
           1.4014447626222071e-01  -1.4275604874523279e-01   0.0000000000000000e+00 #xyz tv0
           3.4499999999999997e-01  -3.3874999999999994e-01   0.0000000000000000e+00 #xyz tv1
          -1.1750803975652992e-01  -3.2937939930067495e-01   0.0000000000000000e+00 19976 -1 #xyz tv2 fid bid
          -1.1750803975652992e-01  -3.2937939930067495e-01   0.0000000000000000e+00 #xyz ev0
           3.4499999999999997e-01  -3.3874999999999994e-01   0.0000000000000000e+00 -1 6 #xyz ev1 fid bid
   0   0.000000000000e+00   0.000000000000e+00   0.000000000000e+00 #flag location
END_ERR 
G3dErrFileVersion 2018P3.1
FlagFileMetaData Begin
   Mesh Size - Setup1, Refinement, Pass #3, Freq. 3.000000e+10 :Title    
   Listing of mesh elements with small segments. :ToolTip  
   hf3d :Author   
   1657704229 :TimeStamp
FlagFileMetaData End
BEGIN_ERR 
26 Small mesh segment detected on body : Si_sub_1
 Small mesh segment detected on body : Si_sub_1 
 Segment Statistics - Number of Segments : 1 --- Segment length(s) : 0.462603mm. The cutoff frequency for S-Matrix Only Solve is 118.682683293745MHz 
3 -1  12  19976  # nfids, fids[]
2 6  -1  # nbids, bids[]
      6 4 1 0 #ntets ntri ned npts
           1.4014447626222071e-01  -1.4275604874523279e-01   0.0000000000000000e+00 #xyz tv0
          -7.6620970574308417e-02  -2.8828395059786510e-01   1.5072582404384693e-01 #xyz tv1
           3.4499999999999997e-01  -3.3874999999999994e-01   0.0000000000000000e+00 #xyz tv2
          -1.1750803975652992e-01  -3.2937939930067495e-01   0.0000000000000000e+00 -1 6 #xyz tv3 fid bid
           1.4014447626222071e-01  -1.4275604874523279e-01   0.0000000000000000e+00 #xyz tv0
           1.0142769841300199e-01  -1.2919398140460656e-01  -7.0028839285714295e-02 #xyz tv1
          -1.1750803975652992e-01  -3.2937939930067495e-01   0.0000000000000000e+00 #xyz tv2
           3.4499999999999997e-01  -3.3874999999999994e-01   0.0000000000000000e+00 -1 6 #xyz tv3 fid bid
           3.4499999999999997e-01  -3.3874999999999994e-01   0.0000000000000000e+00 #xyz tv0
          -1.1750803975652992e-01  -3.2937939930067495e-01   0.0000000000000000e+00 #xyz tv1
           1.2920408891814894e-01  -3.3338696702061232e-01  -1.6839999999999999e-01 #xyz tv2
           1.0142769841300199e-01  -1.2919398140460656e-01  -7.0028839285714295e-02 -1 6 #xyz tv3 fid bid
           1.2920408891814894e-01  -3.3338696702061232e-01  -1.6839999999999999e-01 #xyz tv0
           3.4499999999999997e-01  -3.3874999999999994e-01   0.0000000000000000e+00 #xyz tv1
           0.0000000000000000e+00  -6.7749999999999988e-01   0.0000000000000000e+00 #xyz tv2
          -1.1750803975652992e-01  -3.2937939930067495e-01   0.0000000000000000e+00 -1 6 #xyz tv3 fid bid
           3.4499999999999997e-01  -3.3874999999999994e-01   0.0000000000000000e+00 #xyz tv0
          -7.6620970574308417e-02  -2.8828395059786510e-01   1.5072582404384693e-01 #xyz tv1
          -5.5511151231257827e-17  -4.6999999999999992e-01   2.1015500000000006e-01 #xyz tv2
          -1.1750803975652992e-01  -3.2937939930067495e-01   0.0000000000000000e+00 -1 6 #xyz tv3 fid bid
           3.4499999999999997e-01  -3.3874999999999994e-01   0.0000000000000000e+00 #xyz tv0
          -5.5511151231257827e-17  -4.6999999999999992e-01   2.1015500000000006e-01 #xyz tv1
           0.0000000000000000e+00  -6.7749999999999988e-01   0.0000000000000000e+00 #xyz tv2
          -1.1750803975652992e-01  -3.2937939930067495e-01   0.0000000000000000e+00 -1 6 #xyz tv3 fid bid
           3.4499999999999997e-01  -3.3874999999999994e-01   0.0000000000000000e+00 #xyz tv0
           0.0000000000000000e+00  -6.7749999999999988e-01   0.0000000000000000e+00 #xyz tv1
          -1.1750803975652992e-01  -3.2937939930067495e-01   0.0000000000000000e+00 12 -1 #xyz tv2 fid bid
           3.4499999999999997e-01  -3.3874999999999994e-01   0.0000000000000000e+00 #xyz tv0
           0.0000000000000000e+00  -6.7749999999999988e-01   0.0000000000000000e+00 #xyz tv1
          -1.1750803975652992e-01  -3.2937939930067495e-01   0.0000000000000000e+00 19976 -1 #xyz tv2 fid bid
           1.4014447626222071e-01  -1.4275604874523279e-01   0.0000000000000000e+00 #xyz tv0
           3.4499999999999997e-01  -3.3874999999999994e-01   0.0000000000000000e+00 #xyz tv1
          -1.1750803975652992e-01  -3.2937939930067495e-01   0.0000000000000000e+00 12 -1 #xyz tv2 fid bid
           1.4014447626222071e-01  -1.4275604874523279e-01   0.0000000000000000e+00 #xyz tv0
           3.4499999999999997e-01  -3.3874999999999994e-01   0.0000000000000000e+00 #xyz tv1
          -1.1750803975652992e-01  -3.2937939930067495e-01   0.0000000000000000e+00 19976 -1 #xyz tv2 fid bid
          -1.1750803975652992e-01  -3.2937939930067495e-01   0.0000000000000000e+00 #xyz ev0
           3.4499999999999997e-01  -3.3874999999999994e-01   0.0000000000000000e+00 -1 6 #xyz ev1 fid bid
   0   0.000000000000e+00   0.000000000000e+00   0.000000000000e+00 #flag location
END_ERR 
BEGIN_ERR 
26 Small mesh segment detected on body : Si_sub_1
 Small mesh segment detected on body : Si_sub_1 
 Segment Statistics - Number of Segments : 1 --- Segment length(s) : 0.455696mm. The cutoff frequency for S-Matrix Only Solve is 118.682683293745MHz 
3 -1  12  19976  # nfids, fids[]
2 6  -1  # nbids, bids[]
      6 4 1 0 #ntets ntri ned npts
           3.4499999999999997e-01   5.0079315115337408e-01   1.6147442259375358e-01 #xyz tv0
           3.4499999999999997e-01   6.7749999999999988e-01   0.0000000000000000e+00 #xyz tv1
           8.5333076131687211e-03   3.7017382544581612e-01   0.0000000000000000e+00 #xyz tv2
           3.4499999999999997e-01   3.3874999999999994e-01   0.0000000000000000e+00 -1 6 #xyz tv3 fid bid
           3.4499999999999997e-01   5.0079315115337408e-01   1.6147442259375358e-01 #xyz tv0
           8.5333076131687211e-03   3.7017382544581612e-01   0.0000000000000000e+00 #xyz tv1
           3.4499999999999997e-01   6.7749999999999988e-01   0.0000000000000000e+00 #xyz tv2
           8.8727362551190278e-02   5.2801482555891188e-01   2.4807286798197026e-01 -1 6 #xyz tv3 fid bid
          -5.5511151231257827e-17   7.4525000000000052e-01  -1.6839999999999999e-01 #xyz tv0
           8.5333076131687211e-03   3.7017382544581612e-01   0.0000000000000000e+00 #xyz tv1
           3.4499999999999997e-01   6.7749999999999988e-01   0.0000000000000000e+00 #xyz tv2
           3.4499999999999997e-01   3.3874999999999994e-01   0.0000000000000000e+00 -1 6 #xyz tv3 fid bid
           8.8727362551190278e-02   5.2801482555891188e-01   2.4807286798197026e-01 #xyz tv0
           3.4499999999999997e-01   6.7749999999999988e-01   0.0000000000000000e+00 #xyz tv1
           0.0000000000000000e+00   6.7749999999999988e-01   0.0000000000000000e+00 #xyz tv2
           8.5333076131687211e-03   3.7017382544581612e-01   0.0000000000000000e+00 -1 6 #xyz tv3 fid bid
          -5.5511151231257827e-17   7.4525000000000052e-01  -1.6839999999999999e-01 #xyz tv0
           3.4499999999999997e-01   6.7749999999999988e-01   0.0000000000000000e+00 #xyz tv1
           8.5333076131687211e-03   3.7017382544581612e-01   0.0000000000000000e+00 #xyz tv2
          -5.5511151231257827e-17   7.4525000000000052e-01  -8.4199999999999997e-02 -1 6 #xyz tv3 fid bid
           8.5333076131687211e-03   3.7017382544581612e-01   0.0000000000000000e+00 #xyz tv0
          -5.5511151231257827e-17   7.4525000000000052e-01  -8.4199999999999997e-02 #xyz tv1
           3.4499999999999997e-01   6.7749999999999988e-01   0.0000000000000000e+00 #xyz tv2
           0.0000000000000000e+00   6.7749999999999988e-01   0.0000000000000000e+00 -1 6 #xyz tv3 fid bid
           3.4499999999999997e-01   6.7749999999999988e-01   0.0000000000000000e+00 #xyz tv0
           8.5333076131687211e-03   3.7017382544581612e-01   0.0000000000000000e+00 #xyz tv1
           0.0000000000000000e+00   6.7749999999999988e-01   0.0000000000000000e+00 12 -1 #xyz tv2 fid bid
           3.4499999999999997e-01   6.7749999999999988e-01   0.0000000000000000e+00 #xyz tv0
           8.5333076131687211e-03   3.7017382544581612e-01   0.0000000000000000e+00 #xyz tv1
           0.0000000000000000e+00   6.7749999999999988e-01   0.0000000000000000e+00 19976 -1 #xyz tv2 fid bid
           8.5333076131687211e-03   3.7017382544581612e-01   0.0000000000000000e+00 #xyz tv0
           3.4499999999999997e-01   6.7749999999999988e-01   0.0000000000000000e+00 #xyz tv1
           3.4499999999999997e-01   3.3874999999999994e-01   0.0000000000000000e+00 12 -1 #xyz tv2 fid bid
           8.5333076131687211e-03   3.7017382544581612e-01   0.0000000000000000e+00 #xyz tv0
           3.4499999999999997e-01   6.7749999999999988e-01   0.0000000000000000e+00 #xyz tv1
           3.4499999999999997e-01   3.3874999999999994e-01   0.0000000000000000e+00 19976 -1 #xyz tv2 fid bid
           3.4499999999999997e-01   6.7749999999999988e-01   0.0000000000000000e+00 #xyz ev0
           8.5333076131687211e-03   3.7017382544581612e-01   0.0000000000000000e+00 -1 6 #xyz ev1 fid bid
   0   0.000000000000e+00   0.000000000000e+00   0.000000000000e+00 #flag location
END_ERR 
G3dErrFileVersion 2018P3.1
FlagFileMetaData Begin
   Mesh Size - Setup1, Refinement, Pass #4, Freq. 3.000000e+10 :Title    
   Listing of mesh elements with small segments. :ToolTip  
   hf3d :Author   
   1657704236 :TimeStamp
FlagFileMetaData End
BEGIN_ERR 
26 Small mesh segment detected on body : Si_sub_1
 Small mesh segment detected on body : Si_sub_1 
 Segment Statistics - Number of Segments : 1 --- Segment length(s) : 0.462603mm. The cutoff frequency for S-Matrix Only Solve is 118.682683293745MHz 
3 -1  12  19976  # nfids, fids[]
2 6  -1  # nbids, bids[]
      6 4 1 0 #ntets ntri ned npts
           1.4014447626222071e-01  -1.4275604874523279e-01   0.0000000000000000e+00 #xyz tv0
          -7.5977943988028512e-02  -2.8744685297714850e-01   1.5317888717966455e-01 #xyz tv1
           3.4499999999999997e-01  -3.3874999999999994e-01   0.0000000000000000e+00 #xyz tv2
          -1.1750803975652992e-01  -3.2937939930067495e-01   0.0000000000000000e+00 -1 6 #xyz tv3 fid bid
           1.4014447626222071e-01  -1.4275604874523279e-01   0.0000000000000000e+00 #xyz tv0
           1.0142769841300199e-01  -1.2919398140460656e-01  -7.0028839285714295e-02 #xyz tv1
          -1.1750803975652992e-01  -3.2937939930067495e-01   0.0000000000000000e+00 #xyz tv2
           3.4499999999999997e-01  -3.3874999999999994e-01   0.0000000000000000e+00 -1 6 #xyz tv3 fid bid
           3.4499999999999997e-01  -3.3874999999999994e-01   0.0000000000000000e+00 #xyz tv0
          -1.1750803975652992e-01  -3.2937939930067495e-01   0.0000000000000000e+00 #xyz tv1
           1.2920408891814894e-01  -3.3338696702061232e-01  -1.6839999999999999e-01 #xyz tv2
           1.0142769841300199e-01  -1.2919398140460656e-01  -7.0028839285714295e-02 -1 6 #xyz tv3 fid bid
           1.2920408891814894e-01  -3.3338696702061232e-01  -1.6839999999999999e-01 #xyz tv0
           3.4499999999999997e-01  -3.3874999999999994e-01   0.0000000000000000e+00 #xyz tv1
           0.0000000000000000e+00  -6.7749999999999988e-01   0.0000000000000000e+00 #xyz tv2
          -1.1750803975652992e-01  -3.2937939930067495e-01   0.0000000000000000e+00 -1 6 #xyz tv3 fid bid
           3.4499999999999997e-01  -3.3874999999999994e-01   0.0000000000000000e+00 #xyz tv0
          -7.5977943988028512e-02  -2.8744685297714850e-01   1.5317888717966455e-01 #xyz tv1
          -5.5511151231257827e-17  -4.6999999999999992e-01   2.1015500000000006e-01 #xyz tv2
          -1.1750803975652992e-01  -3.2937939930067495e-01   0.0000000000000000e+00 -1 6 #xyz tv3 fid bid
           3.4499999999999997e-01  -3.3874999999999994e-01   0.0000000000000000e+00 #xyz tv0
          -5.5511151231257827e-17  -4.6999999999999992e-01   2.1015500000000006e-01 #xyz tv1
           0.0000000000000000e+00  -6.7749999999999988e-01   0.0000000000000000e+00 #xyz tv2
          -1.1750803975652992e-01  -3.2937939930067495e-01   0.0000000000000000e+00 -1 6 #xyz tv3 fid bid
           3.4499999999999997e-01  -3.3874999999999994e-01   0.0000000000000000e+00 #xyz tv0
           0.0000000000000000e+00  -6.7749999999999988e-01   0.0000000000000000e+00 #xyz tv1
          -1.1750803975652992e-01  -3.2937939930067495e-01   0.0000000000000000e+00 12 -1 #xyz tv2 fid bid
           3.4499999999999997e-01  -3.3874999999999994e-01   0.0000000000000000e+00 #xyz tv0
           0.0000000000000000e+00  -6.7749999999999988e-01   0.0000000000000000e+00 #xyz tv1
          -1.1750803975652992e-01  -3.2937939930067495e-01   0.0000000000000000e+00 19976 -1 #xyz tv2 fid bid
           1.4014447626222071e-01  -1.4275604874523279e-01   0.0000000000000000e+00 #xyz tv0
           3.4499999999999997e-01  -3.3874999999999994e-01   0.0000000000000000e+00 #xyz tv1
          -1.1750803975652992e-01  -3.2937939930067495e-01   0.0000000000000000e+00 12 -1 #xyz tv2 fid bid
           1.4014447626222071e-01  -1.4275604874523279e-01   0.0000000000000000e+00 #xyz tv0
           3.4499999999999997e-01  -3.3874999999999994e-01   0.0000000000000000e+00 #xyz tv1
          -1.1750803975652992e-01  -3.2937939930067495e-01   0.0000000000000000e+00 19976 -1 #xyz tv2 fid bid
          -1.1750803975652992e-01  -3.2937939930067495e-01   0.0000000000000000e+00 #xyz ev0
           3.4499999999999997e-01  -3.3874999999999994e-01   0.0000000000000000e+00 -1 6 #xyz ev1 fid bid
   0   0.000000000000e+00   0.000000000000e+00   0.000000000000e+00 #flag location
END_ERR 
BEGIN_ERR 
26 Small mesh segment detected on body : Si_sub_1
 Small mesh segment detected on body : Si_sub_1 
 Segment Statistics - Number of Segments : 1 --- Segment length(s) : 0.455696mm. The cutoff frequency for S-Matrix Only Solve is 118.682683293745MHz 
3 -1  12  19976  # nfids, fids[]
2 6  -1  # nbids, bids[]
      6 4 1 0 #ntets ntri ned npts
           3.4499999999999997e-01   4.9901281577297668e-01   1.6776587653628089e-01 #xyz tv0
           3.4499999999999997e-01   6.7749999999999988e-01   0.0000000000000000e+00 #xyz tv1
           8.5333076131687211e-03   3.7017382544581612e-01   0.0000000000000000e+00 #xyz tv2
           3.4499999999999997e-01   3.3874999999999994e-01   0.0000000000000000e+00 -1 6 #xyz tv3 fid bid
           3.4499999999999997e-01   4.9901281577297668e-01   1.6776587653628089e-01 #xyz tv0
           8.5333076131687211e-03   3.7017382544581612e-01   0.0000000000000000e+00 #xyz tv1
           3.4499999999999997e-01   6.7749999999999988e-01   0.0000000000000000e+00 #xyz tv2
           8.8727362551190278e-02   5.2801482555891188e-01   2.4807286798197026e-01 -1 6 #xyz tv3 fid bid
          -5.5511151231257827e-17   7.4525000000000052e-01  -1.6839999999999999e-01 #xyz tv0
           8.5333076131687211e-03   3.7017382544581612e-01   0.0000000000000000e+00 #xyz tv1
           3.4499999999999997e-01   6.7749999999999988e-01   0.0000000000000000e+00 #xyz tv2
           3.4499999999999997e-01   3.3874999999999994e-01   0.0000000000000000e+00 -1 6 #xyz tv3 fid bid
           8.8727362551190278e-02   5.2801482555891188e-01   2.4807286798197026e-01 #xyz tv0
           3.4499999999999997e-01   6.7749999999999988e-01   0.0000000000000000e+00 #xyz tv1
           0.0000000000000000e+00   6.7749999999999988e-01   0.0000000000000000e+00 #xyz tv2
           8.5333076131687211e-03   3.7017382544581612e-01   0.0000000000000000e+00 -1 6 #xyz tv3 fid bid
          -5.5511151231257827e-17   7.4525000000000052e-01  -1.6839999999999999e-01 #xyz tv0
           3.4499999999999997e-01   6.7749999999999988e-01   0.0000000000000000e+00 #xyz tv1
           8.5333076131687211e-03   3.7017382544581612e-01   0.0000000000000000e+00 #xyz tv2
          -5.5511151231257827e-17   7.4525000000000052e-01  -8.4199999999999997e-02 -1 6 #xyz tv3 fid bid
           8.5333076131687211e-03   3.7017382544581612e-01   0.0000000000000000e+00 #xyz tv0
          -5.5511151231257827e-17   7.4525000000000052e-01  -8.4199999999999997e-02 #xyz tv1
           3.4499999999999997e-01   6.7749999999999988e-01   0.0000000000000000e+00 #xyz tv2
           0.0000000000000000e+00   6.7749999999999988e-01   0.0000000000000000e+00 -1 6 #xyz tv3 fid bid
           3.4499999999999997e-01   6.7749999999999988e-01   0.0000000000000000e+00 #xyz tv0
           8.5333076131687211e-03   3.7017382544581612e-01   0.0000000000000000e+00 #xyz tv1
           0.0000000000000000e+00   6.7749999999999988e-01   0.0000000000000000e+00 12 -1 #xyz tv2 fid bid
           3.4499999999999997e-01   6.7749999999999988e-01   0.0000000000000000e+00 #xyz tv0
           8.5333076131687211e-03   3.7017382544581612e-01   0.0000000000000000e+00 #xyz tv1
           0.0000000000000000e+00   6.7749999999999988e-01   0.0000000000000000e+00 19976 -1 #xyz tv2 fid bid
           8.5333076131687211e-03   3.7017382544581612e-01   0.0000000000000000e+00 #xyz tv0
           3.4499999999999997e-01   6.7749999999999988e-01   0.0000000000000000e+00 #xyz tv1
           3.4499999999999997e-01   3.3874999999999994e-01   0.0000000000000000e+00 12 -1 #xyz tv2 fid bid
           8.5333076131687211e-03   3.7017382544581612e-01   0.0000000000000000e+00 #xyz tv0
           3.4499999999999997e-01   6.7749999999999988e-01   0.0000000000000000e+00 #xyz tv1
           3.4499999999999997e-01   3.3874999999999994e-01   0.0000000000000000e+00 19976 -1 #xyz tv2 fid bid
           3.4499999999999997e-01   6.7749999999999988e-01   0.0000000000000000e+00 #xyz ev0
           8.5333076131687211e-03   3.7017382544581612e-01   0.0000000000000000e+00 -1 6 #xyz ev1 fid bid
   0   0.000000000000e+00   0.000000000000e+00   0.000000000000e+00 #flag location
END_ERR 
BEGIN_ERR 
26 Small mesh segment detected on body : Si_sub_1
 Small mesh segment detected on body : Si_sub_1 
 Segment Statistics - Number of Segments : 1 --- Segment length(s) : 0.337931mm. The cutoff frequency for S-Matrix Only Solve is 118.682683293745MHz 
3 -1  12  19976  # nfids, fids[]
2 6  -1  # nbids, bids[]
      6 4 1 0 #ntets ntri ned npts
           1.4061334439478945e-01   2.8974130400582288e-01   2.4088499909641892e-01 #xyz tv0
           8.5333076131687211e-03   3.7017382544581612e-01   0.0000000000000000e+00 #xyz tv1
           3.4499999999999997e-01   3.3874999999999994e-01   0.0000000000000000e+00 #xyz tv2
           3.4499999999999997e-01   4.9901281577297668e-01   1.6776587653628089e-01 -1 6 #xyz tv3 fid bid
           1.8032219864540466e-01   1.9818017332533147e-01   0.0000000000000000e+00 #xyz tv0
           1.4061334439478945e-01   2.8974130400582288e-01   2.4088499909641892e-01 #xyz tv1
           8.5333076131687211e-03   3.7017382544581612e-01   0.0000000000000000e+00 #xyz tv2
           3.4499999999999997e-01   3.3874999999999994e-01   0.0000000000000000e+00 -1 6 #xyz tv3 fid bid
           3.4499999999999997e-01   4.9901281577297668e-01   1.6776587653628089e-01 #xyz tv0
           3.4499999999999997e-01   6.7749999999999988e-01   0.0000000000000000e+00 #xyz tv1
           8.5333076131687211e-03   3.7017382544581612e-01   0.0000000000000000e+00 #xyz tv2
           3.4499999999999997e-01   3.3874999999999994e-01   0.0000000000000000e+00 -1 6 #xyz tv3 fid bid
           1.8032219864540466e-01   1.9818017332533147e-01   0.0000000000000000e+00 #xyz tv0
           8.5333076131687211e-03   3.7017382544581612e-01   0.0000000000000000e+00 #xyz tv1
           3.7950000000000006e-01   1.8564157485961916e-01  -1.6839999999999999e-01 #xyz tv2
           3.4499999999999997e-01   3.3874999999999994e-01   0.0000000000000000e+00 -1 6 #xyz tv3 fid bid
          -5.5511151231257827e-17   7.4525000000000052e-01  -1.6839999999999999e-01 #xyz tv0
           8.5333076131687211e-03   3.7017382544581612e-01   0.0000000000000000e+00 #xyz tv1
           3.4499999999999997e-01   6.7749999999999988e-01   0.0000000000000000e+00 #xyz tv2
           3.4499999999999997e-01   3.3874999999999994e-01   0.0000000000000000e+00 -1 6 #xyz tv3 fid bid
           3.7950000000000006e-01   1.8564157485961916e-01  -1.6839999999999999e-01 #xyz tv0
           8.5333076131687211e-03   3.7017382544581612e-01   0.0000000000000000e+00 #xyz tv1
          -5.5511151231257827e-17   7.4525000000000052e-01  -1.6839999999999999e-01 #xyz tv2
           3.4499999999999997e-01   3.3874999999999994e-01   0.0000000000000000e+00 -1 6 #xyz tv3 fid bid
           8.5333076131687211e-03   3.7017382544581612e-01   0.0000000000000000e+00 #xyz tv0
           3.4499999999999997e-01   6.7749999999999988e-01   0.0000000000000000e+00 #xyz tv1
           3.4499999999999997e-01   3.3874999999999994e-01   0.0000000000000000e+00 12 -1 #xyz tv2 fid bid
           8.5333076131687211e-03   3.7017382544581612e-01   0.0000000000000000e+00 #xyz tv0
           3.4499999999999997e-01   6.7749999999999988e-01   0.0000000000000000e+00 #xyz tv1
           3.4499999999999997e-01   3.3874999999999994e-01   0.0000000000000000e+00 19976 -1 #xyz tv2 fid bid
           3.4499999999999997e-01   3.3874999999999994e-01   0.0000000000000000e+00 #xyz tv0
           1.8032219864540466e-01   1.9818017332533147e-01   0.0000000000000000e+00 #xyz tv1
           8.5333076131687211e-03   3.7017382544581612e-01   0.0000000000000000e+00 12 -1 #xyz tv2 fid bid
           3.4499999999999997e-01   3.3874999999999994e-01   0.0000000000000000e+00 #xyz tv0
           1.8032219864540466e-01   1.9818017332533147e-01   0.0000000000000000e+00 #xyz tv1
           8.5333076131687211e-03   3.7017382544581612e-01   0.0000000000000000e+00 19976 -1 #xyz tv2 fid bid
           3.4499999999999997e-01   3.3874999999999994e-01   0.0000000000000000e+00 #xyz ev0
           8.5333076131687211e-03   3.7017382544581612e-01   0.0000000000000000e+00 -1 6 #xyz ev1 fid bid
   0   0.000000000000e+00   0.000000000000e+00   0.000000000000e+00 #flag location
END_ERR 
G3dErrFileVersion 2018P3.1
FlagFileMetaData Begin
   Mesh Size - Setup1, Refinement, Pass #5, Freq. 3.000000e+10 :Title    
   Listing of mesh elements with small segments. :ToolTip  
   hf3d :Author   
   1657704246 :TimeStamp
FlagFileMetaData End
BEGIN_ERR 
26 Small mesh segment detected on body : Si_sub_1
 Small mesh segment detected on body : Si_sub_1 
 Segment Statistics - Number of Segments : 1 --- Segment length(s) : 0.462603mm. The cutoff frequency for S-Matrix Only Solve is 118.682683293745MHz 
3 -1  12  19976  # nfids, fids[]
2 6  -1  # nbids, bids[]
      6 4 1 0 #ntets ntri ned npts
           1.4014447626222071e-01  -1.4275604874523279e-01   0.0000000000000000e+00 #xyz tv0
          -7.5534999965733596e-02  -2.8662172849804574e-01   1.5478262034920826e-01 #xyz tv1
           3.4499999999999997e-01  -3.3874999999999994e-01   0.0000000000000000e+00 #xyz tv2
          -1.1750803975652992e-01  -3.2937939930067495e-01   0.0000000000000000e+00 -1 6 #xyz tv3 fid bid
           1.4014447626222071e-01  -1.4275604874523279e-01   0.0000000000000000e+00 #xyz tv0
           1.0142769841300199e-01  -1.2919398140460656e-01  -7.0028839285714295e-02 #xyz tv1
          -1.1750803975652992e-01  -3.2937939930067495e-01   0.0000000000000000e+00 #xyz tv2
           3.4499999999999997e-01  -3.3874999999999994e-01   0.0000000000000000e+00 -1 6 #xyz tv3 fid bid
           3.4499999999999997e-01  -3.3874999999999994e-01   0.0000000000000000e+00 #xyz tv0
          -1.1750803975652992e-01  -3.2937939930067495e-01   0.0000000000000000e+00 #xyz tv1
           1.2920408891814894e-01  -3.3338696702061232e-01  -1.6839999999999999e-01 #xyz tv2
           1.0142769841300199e-01  -1.2919398140460656e-01  -7.0028839285714295e-02 -1 6 #xyz tv3 fid bid
           1.2920408891814894e-01  -3.3338696702061232e-01  -1.6839999999999999e-01 #xyz tv0
           3.4499999999999997e-01  -3.3874999999999994e-01   0.0000000000000000e+00 #xyz tv1
           0.0000000000000000e+00  -6.7749999999999988e-01   0.0000000000000000e+00 #xyz tv2
          -1.1750803975652992e-01  -3.2937939930067495e-01   0.0000000000000000e+00 -1 6 #xyz tv3 fid bid
           3.4499999999999997e-01  -3.3874999999999994e-01   0.0000000000000000e+00 #xyz tv0
          -7.5534999965733596e-02  -2.8662172849804574e-01   1.5478262034920826e-01 #xyz tv1
          -5.5511151231257827e-17  -4.6999999999999992e-01   2.1015500000000006e-01 #xyz tv2
          -1.1750803975652992e-01  -3.2937939930067495e-01   0.0000000000000000e+00 -1 6 #xyz tv3 fid bid
           3.4499999999999997e-01  -3.3874999999999994e-01   0.0000000000000000e+00 #xyz tv0
          -5.5511151231257827e-17  -4.6999999999999992e-01   2.1015500000000006e-01 #xyz tv1
           0.0000000000000000e+00  -6.7749999999999988e-01   0.0000000000000000e+00 #xyz tv2
          -1.1750803975652992e-01  -3.2937939930067495e-01   0.0000000000000000e+00 -1 6 #xyz tv3 fid bid
           3.4499999999999997e-01  -3.3874999999999994e-01   0.0000000000000000e+00 #xyz tv0
           0.0000000000000000e+00  -6.7749999999999988e-01   0.0000000000000000e+00 #xyz tv1
          -1.1750803975652992e-01  -3.2937939930067495e-01   0.0000000000000000e+00 12 -1 #xyz tv2 fid bid
           3.4499999999999997e-01  -3.3874999999999994e-01   0.0000000000000000e+00 #xyz tv0
           0.0000000000000000e+00  -6.7749999999999988e-01   0.0000000000000000e+00 #xyz tv1
          -1.1750803975652992e-01  -3.2937939930067495e-01   0.0000000000000000e+00 19976 -1 #xyz tv2 fid bid
           1.4014447626222071e-01  -1.4275604874523279e-01   0.0000000000000000e+00 #xyz tv0
           3.4499999999999997e-01  -3.3874999999999994e-01   0.0000000000000000e+00 #xyz tv1
          -1.1750803975652992e-01  -3.2937939930067495e-01   0.0000000000000000e+00 12 -1 #xyz tv2 fid bid
           1.4014447626222071e-01  -1.4275604874523279e-01   0.0000000000000000e+00 #xyz tv0
           3.4499999999999997e-01  -3.3874999999999994e-01   0.0000000000000000e+00 #xyz tv1
          -1.1750803975652992e-01  -3.2937939930067495e-01   0.0000000000000000e+00 19976 -1 #xyz tv2 fid bid
          -1.1750803975652992e-01  -3.2937939930067495e-01   0.0000000000000000e+00 #xyz ev0
           3.4499999999999997e-01  -3.3874999999999994e-01   0.0000000000000000e+00 -1 6 #xyz ev1 fid bid
   0   0.000000000000e+00   0.000000000000e+00   0.000000000000e+00 #flag location
END_ERR 
BEGIN_ERR 
26 Small mesh segment detected on body : Si_sub_1
 Small mesh segment detected on body : Si_sub_1 
 Segment Statistics - Number of Segments : 1 --- Segment length(s) : 0.455696mm. The cutoff frequency for S-Matrix Only Solve is 118.682683293745MHz 
3 -1  12  19976  # nfids, fids[]
2 6  -1  # nbids, bids[]
      6 4 1 0 #ntets ntri ned npts
           3.4499999999999997e-01   4.9901281577297668e-01   1.6776587653628089e-01 #xyz tv0
           3.4499999999999997e-01   6.7749999999999988e-01   0.0000000000000000e+00 #xyz tv1
           8.5333076131687211e-03   3.7017382544581612e-01   0.0000000000000000e+00 #xyz tv2
           3.4499999999999997e-01   3.3874999999999994e-01   0.0000000000000000e+00 -1 6 #xyz tv3 fid bid
           3.4499999999999997e-01   4.9901281577297668e-01   1.6776587653628089e-01 #xyz tv0
           8.5333076131687211e-03   3.7017382544581612e-01   0.0000000000000000e+00 #xyz tv1
           3.4499999999999997e-01   6.7749999999999988e-01   0.0000000000000000e+00 #xyz tv2
           8.8727362551190278e-02   5.2801482555891188e-01   2.4807286798197026e-01 -1 6 #xyz tv3 fid bid
          -5.5511151231257827e-17   7.4525000000000052e-01  -1.6839999999999999e-01 #xyz tv0
           8.5333076131687211e-03   3.7017382544581612e-01   0.0000000000000000e+00 #xyz tv1
           3.4499999999999997e-01   6.7749999999999988e-01   0.0000000000000000e+00 #xyz tv2
           3.4499999999999997e-01   3.3874999999999994e-01   0.0000000000000000e+00 -1 6 #xyz tv3 fid bid
           8.8727362551190278e-02   5.2801482555891188e-01   2.4807286798197026e-01 #xyz tv0
           3.4499999999999997e-01   6.7749999999999988e-01   0.0000000000000000e+00 #xyz tv1
           0.0000000000000000e+00   6.7749999999999988e-01   0.0000000000000000e+00 #xyz tv2
           8.5333076131687211e-03   3.7017382544581612e-01   0.0000000000000000e+00 -1 6 #xyz tv3 fid bid
          -5.5511151231257827e-17   7.4525000000000052e-01  -1.6839999999999999e-01 #xyz tv0
           3.4499999999999997e-01   6.7749999999999988e-01   0.0000000000000000e+00 #xyz tv1
           8.5333076131687211e-03   3.7017382544581612e-01   0.0000000000000000e+00 #xyz tv2
